 400  0.023181
 401  0.022901
 402  0.022620
 403  0.022394
 404  0.022244
 405  0.022159
 406  0.022137
 407  0.022130
 408  0.022144
 409  0.022173
 410  0.022171
 411  0.022147
 412  0.022156
 413  0.022214
 414  0.022296
 415  0.022368
 416  0.022461
 417  0.022552
 418  0.022652
 419  0.022751
 420  0.022834
 421  0.022880
 422  0.022940
 423  0.023006
 424  0.023103
 425  0.023207
 426  0.023272
 427  0.023293
 428  0.023333
 429  0.023392
 430  0.023420
 431  0.023430
 432  0.023462
 433  0.023502
 434  0.023539
 435  0.023578
 436  0.023618
 437  0.023662
 438  0.023711
 439  0.023768
 440  0.023853
 441  0.023982
 442  0.024120
 443  0.024256
 444  0.024402
 445  0.024578
 446  0.024739
 447  0.024911
 448  0.025122
 449  0.025361
 450  0.025617
 451  0.025888
 452  0.026190
 453  0.026496
 454  0.026787
 455  0.027076
 456  0.027356
 457  0.027653
 458  0.027920
 459  0.028164
 460  0.028391
 461  0.028586
 462  0.028750
 463  0.028901
 464  0.029058
 465  0.029233
 466  0.029393
 467  0.029531
 468  0.029650
 469  0.029781
 470  0.029898
 471  0.029980
 472  0.030061
 473  0.030145
 474  0.030225
 475  0.030297
 476  0.030370
 477  0.030473
 478  0.030579
 479  0.030680
 480  0.030803
 481  0.030977
 482  0.031176
 483  0.031402
 484  0.031675
 485  0.031999
 486  0.032371
 487  0.032798
 488  0.033308
 489  0.033892
 490  0.034539
 491  0.035243
 492  0.036030
 493  0.036893
 494  0.037817
 495  0.038833
 496  0.039933
 497  0.041133
 498  0.042424
 499  0.043780
 500  0.045245
 501  0.046791
 502  0.048445
 503  0.050195
 504  0.052045
 505  0.053989
 506  0.056060
 507  0.058253
 508  0.060525
 509  0.062924
 510  0.065423
 511  0.068050
 512  0.070804
 513  0.073663
 514  0.076589
 515  0.079641
 516  0.082703
 517  0.085801
 518  0.088895
 519  0.091965
 520  0.094985
 521  0.097930
 522  0.100787
 523  0.103485
 524  0.105988
 525  0.108277
 526  0.110335
 527  0.112143
 528  0.113673
 529  0.114964
 530  0.116026
 531  0.116852
 532  0.117442
 533  0.117842
 534  0.118051
 535  0.118104
 536  0.118009
 537  0.117825
 538  0.117539
 539  0.117197
 540  0.116740
 541  0.116370
 542  0.115942
 543  0.115537
 544  0.115141
 545  0.114822
 546  0.114511
 547  0.114272
 548  0.114039
 549  0.113875
 550  0.113646
 551  0.113422
 552  0.113131
 553  0.112841
 554  0.112486
 555  0.112066
 556  0.111522
 557  0.110974
 558  0.110302
 559  0.109571
 560  0.108835
 561  0.108017
 562  0.107094
 563  0.106072
 564  0.104958
 565  0.103756
 566  0.102472
 567  0.101112
 568  0.099684
 569  0.098193
 570  0.096692
 571  0.095139
 572  0.093630
 573  0.092163
 574  0.090734
 575  0.089386
 576  0.088073
 577  0.086873
 578  0.085737
 579  0.084667
 580  0.083657
 581  0.082703
 582  0.081804
 583  0.080958
 584  0.080162
 585  0.079445
 586  0.078738
 587  0.078078
 588  0.077488
 589  0.076941
 590  0.076432
 591  0.075991
 592  0.075555
 593  0.075183
 594  0.074846
 595  0.074572
 596  0.074268
 597  0.073998
 598  0.073729
 599  0.073431
 600  0.073139
 601  0.072787
 602  0.072409
 603  0.071981
 604  0.071468
 605  0.070937
 606  0.070330
 607  0.069651
 608  0.068930
 609  0.068174
 610  0.067406
 611  0.066627
 612  0.065840
 613  0.065024
 614  0.064225
 615  0.063440
 616  0.062697
 617  0.061992
 618  0.061322
 619  0.060729
 620  0.060208
 621  0.059736
 622  0.059349
 623  0.059006
 624  0.058708
 625  0.058487
 626  0.058293
 627  0.058156
 628  0.058053
 629  0.057936
 630  0.057839
 631  0.057702
 632  0.057511
 633  0.057263
 634  0.056929
 635  0.056486
 636  0.055961
 637  0.055305
 638  0.054564
 639  0.053725
 640  0.052814
 641  0.051860
 642  0.050860
 643  0.049846
 644  0.048833
 645  0.047846
 646  0.046898
 647  0.046018
 648  0.045206
 649  0.044479
 650  0.043831
 651  0.043272
 652  0.042757
 653  0.042261
 654  0.041757
 655  0.041219
 656  0.040627
 657  0.039964
 658  0.039238
 659  0.038457
 660  0.037633
 661  0.036778
 662  0.035938
 663  0.035128
 664  0.034359
 665  0.033669
 666  0.033053
 667  0.032531
 668  0.032116
 669  0.031790
 670  0.031559
 671  0.031409
 672  0.031339
 673  0.031349
 674  0.031427
 675  0.031566
 676  0.031776
 677  0.032054
 678  0.032410
 679  0.032859
 680  0.033421
 681  0.034126
 682  0.034994
 683  0.036065
 684  0.037403
 685  0.039030
 686  0.041005
 687  0.043405
 688  0.046275
 689  0.049645
 690  0.053572
 691  0.058067
 692  0.063118
 693  0.068717
 694  0.074839
 695  0.081461
 696  0.088501
 697  0.095948
 698  0.103722
 699  0.111748
 700  0.120017
 701  0.128462
 702  0.136923
 703  0.145458
 704  0.153997
 705  0.162501
 706  0.170996
 707  0.179494
 708  0.188017
 709  0.196541
 710  0.205145
 711  0.213780
 712  0.222505
 713  0.231327
 714  0.240267
 715  0.249291
 716  0.258463
 717  0.267706
 718  0.277023
 719  0.286477
 720  0.295972
 721  0.305541
 722  0.315171
 723  0.324804
 724  0.334420
 725  0.344082
 726  0.353594
 727  0.363089
 728  0.372410
 729  0.381654
 730  0.390752
 731  0.399613
 732  0.408392
 733  0.416937
 734  0.425163
 735  0.433098
 736  0.440747
 737  0.448116
 738  0.455176
 739  0.461932
 740  0.468329
 741  0.474354
 742  0.480058
 743  0.485395
 744  0.490401
 745  0.495094
 746  0.499456
 747  0.503428
 748  0.507097
 749  0.510470
 750  0.513500
 751  0.516491
 752  0.519395
 753  0.522180
 754  0.524859
 755  0.527414
 756  0.529872
 757  0.532218
 758  0.534444
 759  0.536557
 760  0.538557
 761  0.540423
 762  0.542176
 763  0.543806
 764  0.545327
 765  0.546733
 766  0.548024
 767  0.549198
 768  0.550279
 769  0.551249
 770  0.552114
 771  0.552885
 772  0.553566
 773  0.554152
 774  0.554656
 775  0.555071
 776  0.555441
 777  0.555731
 778  0.555948
 779  0.556104
 780  0.556191
 781  0.556226
 782  0.556261
 783  0.556295
 784  0.556327
 785  0.556366
 786  0.556408
 787  0.556449
 788  0.556486
 789  0.556517
 790  0.556554
 791  0.556605
 792  0.556664
 793  0.556717
 794  0.556768
 795  0.556819
 796  0.556847
 797  0.556874
 798  0.556900
 799  0.556929
 800  0.556959
 801  0.557004
 802  0.557048
 803  0.557098
 804  0.557143
 805  0.557188
 806  0.557216
 807  0.557247
 808  0.557284
 809  0.557302
 810  0.557332
 811  0.557347
 812  0.557360
 813  0.557370
 814  0.557383
 815  0.557399
 816  0.557422
 817  0.557443
 818  0.557461
 819  0.557492
 820  0.557515
 821  0.557538
 822  0.557558
 823  0.557595
 824  0.557626
 825  0.557630
 826  0.557595
 827  0.557603
 828  0.557598
 829  0.557546
 830  0.557536
 831  0.557511
 832  0.557455
 833  0.557401
 834  0.557387
 835  0.557382
 836  0.557360
 837  0.557352
 838  0.557357
 839  0.557343
 840  0.557343
 841  0.557364
 842  0.557390
 843  0.557404
 844  0.557435
 845  0.557459
 846  0.557488
 847  0.557524
 848  0.557560
 849  0.557577
 850  0.557626
 851  0.557625
 852  0.557622
 853  0.557626
 854  0.557638
 855  0.557637
 856  0.557624
 857  0.557631
 858  0.557642
 859  0.557628
 860  0.557634
 861  0.557652
 862  0.557650
 863  0.557664
 864  0.557668
 865  0.557663
 866  0.557688
 867  0.557730
 868  0.557777
 869  0.557829
 870  0.557870
 871  0.557849
 872  0.557851
 873  0.557859
 874  0.557843
 875  0.557842
 876  0.557844
 877  0.557844
 878  0.557849
 879  0.557855
 880  0.557836
 881  0.557843
 882  0.557850
 883  0.557839
 884  0.557840
 885  0.557853
 886  0.557864
 887  0.557867
 888  0.557852
 889  0.557862
 890  0.557868
 891  0.557863
 892  0.557868
 893  0.557891
 894  0.557911
 895  0.557921
 896  0.557907
 897  0.557919
 898  0.557926
 899  0.557918
 900  0.557924
 901  0.557925
 902  0.557908
 903  0.557899
 904  0.557911
 905  0.557922
 906  0.557903
 907  0.557863
 908  0.557835
 909  0.557831
 910  0.557821
 911  0.557805
 912  0.557753
 913  0.557725
 914  0.557715
 915  0.557709
 916  0.557675
 917  0.557580
 918  0.557527
 919  0.557508
 920  0.557495
 921  0.557406
 922  0.557237
 923  0.557134
 924  0.557063
 925  0.556967
 926  0.556863
 927  0.556779
 928  0.556596
 929  0.556270
 930  0.556066
 931  0.555945
 932  0.555782
 933  0.555616
 934  0.555497
 935  0.555297
 936  0.554923
 937  0.554609
 938  0.554405
 939  0.554245
 940  0.553905
 941  0.553327
 942  0.552999
 943  0.552793
 944  0.552487
 945  0.552095
 946  0.551692
 947  0.551357
 948  0.551057
 949  0.550402
 950  0.549274
 951  0.548564
 952  0.548090
 953  0.547439
 954  0.546701
 955  0.546052
 956  0.545479
 957  0.544937
 958  0.544492
 959  0.544146
 960  0.543709
 961  0.543133
 962  0.542878
 963  0.542831
 964  0.542744
 965  0.542626
 966  0.542512
 967  0.542439
 968  0.542396
 969  0.542359
 970  0.542313
 971  0.542278
 972  0.542258
 973  0.542227
 974  0.542174
 975  0.542177
 976  0.542204
 977  0.542231
 978  0.542280
 979  0.542364
 980  0.542460
 981  0.542549
 982  0.542643
 983  0.542747
 984  0.542868
 985  0.542990
 986  0.543147
 987  0.543310
 988  0.543479
 989  0.543640
 990  0.543824
 991  0.544090
 992  0.544348
 993  0.544567
 994  0.544777
 995  0.545036
 996  0.545262
 997  0.545485
 998  0.545695
 999  0.545899
1000  0.546112
1001  0.546354
1002  0.546599
1003  0.546806
1004  0.547017
1005  0.547242
1006  0.547497
1007  0.547763
1008  0.548032
1009  0.548305
1010  0.548577
1011  0.548854
1012  0.549122
1013  0.549372
1014  0.549612
1015  0.549854
1016  0.550082
1017  0.550306
1018  0.550552
1019  0.550831
1020  0.551119
1021  0.551386
1022  0.551640
1023  0.551894
1024  0.552148
1025  0.552377
1026  0.552651
1027  0.552940
1028  0.553258
1029  0.553574
1030  0.553858
1031  0.554042
1032  0.554196
1033  0.554379
1034  0.554623
1035  0.554888
1036  0.555092
1037  0.555278
1038  0.555479
1039  0.555675
1040  0.555849
1041  0.556019
1042  0.556198
1043  0.556364
1044  0.556492
1045  0.556598
1046  0.556721
1047  0.556892
1048  0.557059
1049  0.557182
1050  0.557289
1051  0.557411
1052  0.557551
1053  0.557687
1054  0.557813
1055  0.557896
1056  0.557970
1057  0.558043
1058  0.558117
1059  0.558204
1060  0.558313
1061  0.558430
1062  0.558510
1063  0.558571
1064  0.558627
1065  0.558677
1066  0.558707
1067  0.558751
1068  0.558781
1069  0.558799
1070  0.558817
1071  0.558850
1072  0.558889
1073  0.558922
1074  0.558944
1075  0.558940
1076  0.558914
1077  0.558897
1078  0.558911
1079  0.558929
1080  0.558934
1081  0.558900
1082  0.558841
1083  0.558763
1084  0.558683
1085  0.558641
1086  0.558615
1087  0.558589
1088  0.558537
1089  0.558461
1090  0.558376
1091  0.558290
1092  0.558237
1093  0.558192
1094  0.558130
1095  0.558044
1096  0.557889
1097  0.557711
1098  0.557549
1099  0.557461
1100  0.557408
1101  0.557320
1102  0.557170
1103  0.557026
1104  0.556927
1105  0.556861
1106  0.556768
1107  0.556606
1108  0.556452
1109  0.556341
1110  0.556255
1111  0.556136
1112  0.555953
1113  0.555797
1114  0.555782
1115  0.555814
1116  0.555784
1117  0.555624
1118  0.555419
1119  0.555273
1120  0.555131
1121  0.554943
1122  0.554666
1123  0.554395
1124  0.554229
1125  0.554057
1126  0.553737
1127  0.553198
1128  0.552629
1129  0.552203
1130  0.551771
1131  0.551150
1132  0.550196
1133  0.549117
1134  0.548132
1135  0.547252
1136  0.546420
1137  0.545546
1138  0.544480
1139  0.543019
1140  0.541139
1141  0.539324
1142  0.537999
1143  0.536864
1144  0.535434
1145  0.533438
1146  0.531452
1147  0.530031
1148  0.529043
1149  0.528174
1150  0.527168
1151  0.526044
1152  0.524858
1153  0.523714
1154  0.522759
1155  0.522102
1156  0.521692
1157  0.521383
1158  0.521039
1159  0.520696
1160  0.520353
1161  0.519978
1162  0.519675
1163  0.519549
1164  0.519488
1165  0.519482
1166  0.519398
1167  0.519306
1168  0.519257
1169  0.519229
1170  0.519214
1171  0.519024
1172  0.518700
1173  0.518410
1174  0.518362
1175  0.518454
1176  0.518577
1177  0.518557
1178  0.518462
1179  0.518372
1180  0.518290
1181  0.518248
1182  0.518179
1183  0.518066
1184  0.517947
1185  0.517815
1186  0.517744
1187  0.517672
1188  0.517616
1189  0.517525
1190  0.517489
1191  0.517412
1192  0.517378
1193  0.517302
1194  0.517261
1195  0.517177
1196  0.517126
1197  0.517104
1198  0.517123
1199  0.517290
1200  0.517555
1201  0.517787
1202  0.517757
1203  0.517632
1204  0.517560
1205  0.517614
1206  0.517807
1207  0.517982
1208  0.518035
1209  0.518011
1210  0.518035
1211  0.518130
1212  0.518232
1213  0.518329
1214  0.518249
1215  0.518151
1216  0.518178
1217  0.518314
1218  0.518515
1219  0.518685
1220  0.518647
1221  0.518568
1222  0.518511
1223  0.518492
1224  0.518544
1225  0.518589
1226  0.518507
1227  0.518411
1228  0.518309
1229  0.518290
1230  0.518317
1231  0.518344
1232  0.518299
1233  0.518259
1234  0.518255
1235  0.518250
1236  0.518260
1237  0.518199
1238  0.518076
1239  0.517905
1240  0.517802
1241  0.517712
1242  0.517680
1243  0.517704
1244  0.517626
1245  0.517623
1246  0.517528
1247  0.517507
1248  0.517421
1249  0.517351
1250  0.517297
1251  0.517296
1252  0.517229
1253  0.517214
1254  0.517084
1255  0.516923
1256  0.516720
1257  0.516550
1258  0.516414
1259  0.516268
1260  0.516235
1261  0.516223
1262  0.516184
1263  0.516048
1264  0.515913
1265  0.515742
1266  0.515606
1267  0.515457
1268  0.515307
1269  0.515181
1270  0.514963
1271  0.514733
1272  0.514471
1273  0.514140
1274  0.513810
1275  0.513514
1276  0.513282
1277  0.513069
1278  0.512887
1279  0.512638
1280  0.512329
1281  0.511970
1282  0.511621
1283  0.511204
1284  0.510852
1285  0.510490
1286  0.510208
1287  0.509960
1288  0.509710
1289  0.509380
1290  0.509057
1291  0.508666
1292  0.508284
1293  0.507899
1294  0.507453
1295  0.507012
1296  0.506535
1297  0.506049
1298  0.505601
1299  0.505216
1300  0.505109
1301  0.504263
1302  0.504018
1303  0.503686
1304  0.503201
1305  0.502846
1306  0.501961
1307  0.501476
1308  0.500791
1309  0.500140
1310  0.499581
1311  0.499016
1312  0.498257
1313  0.497275
1314  0.496481
1315  0.495536
1316  0.494739
1317  0.493860
1318  0.492839
1319  0.491841
1320  0.490401
1321  0.489419
1322  0.488233
1323  0.487094
1324  0.486150
1325  0.485646
1326  0.484577
1327  0.482924
1328  0.481292
1329  0.479774
1330  0.478891
1331  0.477996
1332  0.476909
1333  0.475582
1334  0.473683
1335  0.471819
1336  0.470217
1337  0.468559
1338  0.467103
1339  0.465966
1340  0.465091
1341  0.463894
1342  0.462364
1343  0.461125
1344  0.459420
1345  0.457377
1346  0.455253
1347  0.453365
1348  0.451629
1349  0.450402
1350  0.448675
1351  0.447403
1352  0.445769
1353  0.444351
1354  0.442849
1355  0.441620
1356  0.440053
1357  0.438856
1358  0.437470
1359  0.437121
1360  0.436985
1361  0.436309
1362  0.434956
1363  0.433303
1364  0.432069
1365  0.430762
1366  0.428902
1367  0.427769
1368  0.425849
1369  0.423689
1370  0.421291
1371  0.418179
1372  0.414817
1373  0.411964
1374  0.408344
1375  0.404197
1376  0.400779
1377  0.396771
1378  0.392910
1379  0.388783
1380  0.385777
1381  0.380900
1382  0.375777
1383  0.369854
1384  0.364898
1385  0.358216
1386  0.351605
1387  0.345153
1388  0.338159
1389  0.332832
1390  0.325924
1391  0.319717
1392  0.313422
1393  0.307522
1394  0.300936
1395  0.296228
1396  0.290707
1397  0.284632
1398  0.279296
1399  0.274128
1400  0.269233
1401  0.264559
1402  0.259657
1403  0.255476
1404  0.251684
1405  0.248544
1406  0.244905
1407  0.241558
1408  0.238388
1409  0.235117
1410  0.232160
1411  0.229579
1412  0.227061
1413  0.224819
1414  0.222645
1415  0.220539
1416  0.218608
1417  0.216823
1418  0.215031
1419  0.213491
1420  0.212037
1421  0.210596
1422  0.209216
1423  0.207924
1424  0.206735
1425  0.205352
1426  0.204293
1427  0.203333
1428  0.202478
1429  0.201653
1430  0.200801
1431  0.200107
1432  0.199328
1433  0.198815
1434  0.198129
1435  0.197567
1436  0.197077
1437  0.196581
1438  0.196125
1439  0.195767
1440  0.195425
1441  0.195091
1442  0.194848
1443  0.194701
1444  0.194552
1445  0.194474
1446  0.194350
1447  0.194251
1448  0.194223
1449  0.194220
1450  0.194239
1451  0.194295
1452  0.194326
1453  0.194386
1454  0.194492
1455  0.194639
1456  0.194833
1457  0.195040
1458  0.195372
1459  0.195631
1460  0.195849
1461  0.196334
1462  0.196785
1463  0.197281
1464  0.197979
1465  0.198636
1466  0.199286
1467  0.200233
1468  0.201030
1469  0.201852
1470  0.202890
1471  0.203744
1472  0.204587
1473  0.205799
1474  0.206672
1475  0.208005
1476  0.209052
1477  0.210114
1478  0.211293
1479  0.212373
1480  0.213731
1481  0.214701
1482  0.215856
1483  0.216868
1484  0.218145
1485  0.219200
1486  0.220210
1487  0.221558
1488  0.222701
1489  0.224195
1490  0.225260
1491  0.226734
1492  0.227932
1493  0.229303
1494  0.230514
1495  0.232054
1496  0.233404
1497  0.234871
1498  0.236280
1499  0.237516
1500  0.239037
1501  0.240136
1502  0.241637
1503  0.243044
1504  0.244588
1505  0.246115
1506  0.247287
1507  0.248792
1508  0.249868
1509  0.251386
1510  0.252936
1511  0.254270
1512  0.255817
1513  0.256940
1514  0.258461
1515  0.260020
1516  0.261221
1517  0.262772
1518  0.264221
1519  0.265388
1520  0.266769
1521  0.268322
1522  0.269473
1523  0.271019
1524  0.272583
1525  0.273757
1526  0.275186
1527  0.276558
1528  0.277723
1529  0.278945
1530  0.280201
1531  0.281694
1532  0.282752
1533  0.284097
1534  0.285446
1535  0.286741
1536  0.287810
1537  0.289080
1538  0.290196
1539  0.291604
1540  0.292746
1541  0.293763
1542  0.295063
1543  0.296288
1544  0.297640
1545  0.298630
1546  0.299620
1547  0.300930
1548  0.302078
1549  0.303222
1550  0.304304
1551  0.305268
1552  0.306176
1553  0.307349
1554  0.308302
1555  0.309423
1556  0.310548
1557  0.311538
1558  0.312198
1559  0.313071
1560  0.313906
1561  0.314741
1562  0.315577
1563  0.316485
1564  0.317222
1565  0.318176
1566  0.318920
1567  0.319896
1568  0.320632
1569  0.321468
1570  0.322300
1571  0.323105
1572  0.323942
1573  0.324833
1574  0.325716
1575  0.326340
1576  0.327331
1577  0.327942
1578  0.328680
1579  0.329474
1580  0.330141
1581  0.331013
1582  0.331829
1583  0.332734
1584  0.333389
1585  0.334232
1586  0.335042
1587  0.335745
1588  0.336279
1589  0.337127
1590  0.337755
1591  0.338625
1592  0.339448
1593  0.340504
1594  0.341427
1595  0.342291
1596  0.342788
1597  0.343594
1598  0.344207
1599  0.345047
1600  0.345808
1601  0.346488
1602  0.347051
1603  0.348003
1604  0.348580
1605  0.349387
1606  0.349961
1607  0.350586
1608  0.351038
1609  0.351690
1610  0.352103
1611  0.352739
1612  0.353306
1613  0.354024
1614  0.354542
1615  0.355124
1616  0.355570
1617  0.356048
1618  0.356437
1619  0.357128
1620  0.357445
1621  0.357990
1622  0.358561
1623  0.359141
1624  0.359778
1625  0.360258
1626  0.360517
1627  0.361096
1628  0.361322
1629  0.361826
1630  0.362155
1631  0.362529
1632  0.362613
1633  0.363143
1634  0.363588
1635  0.364144
1636  0.364247
1637  0.364749
1638  0.364956
1639  0.365353
1640  0.365340
1641  0.365917
1642  0.366136
1643  0.366595
1644  0.366767
1645  0.367088
1646  0.367257
1647  0.367545
1648  0.367502
1649  0.367978
1650  0.367912
1651  0.367907
1652  0.367699
1653  0.368007
1654  0.367463
1655  0.367509
1656  0.367279
1657  0.367389
1658  0.366830
1659  0.366549
1660  0.366293
1661  0.366029
1662  0.365557
1663  0.365345
1664  0.364878
1665  0.364668
1666  0.364120
1667  0.363800
1668  0.363244
1669  0.362899
1670  0.362940
1671  0.364307
1672  0.363680
1673  0.363473
1674  0.363051
1675  0.362645
1676  0.361952
1677  0.361686
1678  0.361145
1679  0.360678
1680  0.359974
1681  0.359608
1682  0.358827
1683  0.358225
1684  0.357737
1685  0.357157
1686  0.356447
1687  0.355839
1688  0.355127
1689  0.354626
1690  0.353883
1691  0.353503
1692  0.353012
1693  0.352552
1694  0.351737
1695  0.351174
1696  0.350574
1697  0.350018
1698  0.349339
1699  0.348609
1700  0.347932
1701  0.347278
1702  0.346554
1703  0.346069
1704  0.345500
1705  0.345033
1706  0.344347
1707  0.343891
1708  0.343087
1709  0.342689
1710  0.342085
1711  0.341459
1712  0.340863
1713  0.340389
1714  0.339811
1715  0.339439
1716  0.338900
1717  0.338498
1718  0.337822
1719  0.337345
1720  0.336695
1721  0.336308
1722  0.335841
1723  0.335452
1724  0.335059
1725  0.334617
1726  0.334102
1727  0.333975
1728  0.333691
1729  0.333439
1730  0.333145
1731  0.333169
1732  0.333028
1733  0.332967
1734  0.332732
1735  0.332644
1736  0.332743
1737  0.332527
1738  0.332266
1739  0.332148
1740  0.331825
1741  0.331609
1742  0.331311
1743  0.331095
1744  0.330586
1745  0.330045
1746  0.329527
1747  0.329175
1748  0.328609
1749  0.328057
1750  0.327541
1751  0.326905
1752  0.326171
1753  0.325654
1754  0.325168
1755  0.324620
1756  0.323952
1757  0.323343
1758  0.322881
1759  0.322455
1760  0.321916
1761  0.321441
1762  0.321169
1763  0.320809
1764  0.320262
1765  0.319902
1766  0.319649
1767  0.319487
1768  0.319185
1769  0.319125
1770  0.319034
1771  0.319198
1772  0.319423
1773  0.319155
1774  0.319160
1775  0.319030
1776  0.318913
1777  0.319102
1778  0.319111
1779  0.318942
1780  0.318899
1781  0.318782
1782  0.318760
1783  0.318572
1784  0.318479
1785  0.318121
1786  0.317951
1787  0.317695
1788  0.317743
1789  0.317704
1790  0.317521
1791  0.317601
1792  0.317498
1793  0.317535
1794  0.317627
1795  0.317747
1796  0.317683
1797  0.317920
1798  0.318269
1799  0.318400
1800  0.318406
1801  0.318787
1802  0.318948
1803  0.319115
1804  0.319239
1805  0.319473
1806  0.319523
1807  0.319670
1808  0.319507
1809  0.319537
1810  0.319687
1811  0.319570
1812  0.319521
1813  0.319597
1814  0.319679
1815  0.319827
1816  0.319622
1817  0.319693
1818  0.319706
1819  0.319700
1820  0.319838
1821  0.319863
1822  0.319809
1823  0.319926
1824  0.319740
1825  0.320033
1826  0.320004
1827  0.319785
1828  0.319456
1829  0.319402
1830  0.319197
1831  0.319003
1832  0.318413
1833  0.318143
1834  0.317830
1835  0.317302
1836  0.317047
1837  0.316669
1838  0.316085
1839  0.315608
1840  0.315016
1841  0.314180
1842  0.313462
1843  0.312500
1844  0.311678
1845  0.310687
1846  0.309673
1847  0.308702
1848  0.307160
1849  0.305666
1850  0.304058
1851  0.302722
1852  0.300319
1853  0.298489
1854  0.296553
1855  0.294578
1856  0.292383
1857  0.289936
1858  0.287181
1859  0.284696
1860  0.281692
1861  0.278419
1862  0.273464
1863  0.269638
1864  0.265675
1865  0.261970
1866  0.257590
1867  0.253635
1868  0.249037
1869  0.245306
1870  0.238748
1871  0.233773
1872  0.228773
1873  0.223340
1874  0.218132
1875  0.212244
1876  0.206955
1877  0.198719
1878  0.192643
1879  0.186966
1880  0.181195
1881  0.174881
1882  0.169434
1883  0.161003
1884  0.155096
1885  0.149610
1886  0.144266
1887  0.138708
1888  0.131879
1889  0.126749
1890  0.122186
1891  0.117870
1892  0.113556
1893  0.108305
1894  0.104567
1895  0.101362
1896  0.098380
1897  0.095853
1898  0.091986
1899  0.089915
1900  0.088053
1901  0.085947
1902  0.083418
1903  0.081707
1904  0.080264
1905  0.078986
1906  0.077236
1907  0.076137
1908  0.075063
1909  0.074193
1910  0.073028
1911  0.072238
1912  0.071523
1913  0.070892
1914  0.070088
1915  0.069648
1916  0.069151
1917  0.068702
1918  0.068128
1919  0.067772
1920  0.067437
1921  0.066996
1922  0.066684
1923  0.066425
1924  0.066142
1925  0.066014
1926  0.065833
1927  0.065762
1928  0.065692
1929  0.065673
1930  0.065670
1931  0.065765
1932  0.065805
1933  0.065888
1934  0.066077
1935  0.066228
1936  0.066438
1937  0.066743
1938  0.066942
1939  0.067203
1940  0.067572
1941  0.067893
1942  0.068212
1943  0.068695
1944  0.069086
1945  0.069477
1946  0.069983
1947  0.070456
1948  0.070809
1949  0.071452
1950  0.071867
1951  0.072591
1952  0.073029
1953  0.073534
1954  0.074227
1955  0.074804
1956  0.075272
1957  0.076056
1958  0.076601
1959  0.077341
1960  0.077960
1961  0.078454
1962  0.079354
1963  0.079871
1964  0.080736
1965  0.081351
1966  0.081981
1967  0.082825
1968  0.083498
1969  0.084367
1970  0.084961
1971  0.086029
1972  0.086596
1973  0.087145
1974  0.088221
1975  0.088886
1976  0.089801
1977  0.090462
1978  0.091511
1979  0.092181
1980  0.093167
1981  0.093880
1982  0.094531
1983  0.095656
1984  0.096336
1985  0.097391
1986  0.098090
1987  0.099077
1988  0.099741
1989  0.100779
1990  0.101542
1991  0.102490
1992  0.103208
1993  0.104198
1994  0.104936
1995  0.105939
1996  0.106612
1997  0.107657
1998  0.108317
1999  0.109400
2000  0.110087
2001  0.110752
2002  0.111759
2003  0.112848
2004  0.113472
2005  0.114511
2006  0.115197
2007  0.116148
2008  0.116798
2009  0.117772
2010  0.118349
2011  0.119309
2012  0.119939
2013  0.120937
2014  0.121540
2015  0.122480
2016  0.123063
2017  0.123958
2018  0.124436
2019  0.125260
2020  0.125821
2021  0.126648
2022  0.127467
2023  0.127893
2024  0.128715
2025  0.129209
2026  0.129970
2027  0.130350
2028  0.131089
2029  0.131821
2030  0.132260
2031  0.132811
2032  0.133258
2033  0.133916
2034  0.134285
2035  0.134951
2036  0.135609
2037  0.135874
2038  0.136557
2039  0.136810
2040  0.137413
2041  0.138006
2042  0.138243
2043  0.138840
2044  0.139094
2045  0.139627
2046  0.140163
2047  0.140439
2048  0.140979
2049  0.141253
2050  0.141764
2051  0.142271
2052  0.142520
2053  0.143008
2054  0.143579
2055  0.143822
2056  0.144401
2057  0.144686
2058  0.145301
2059  0.145884
2060  0.146262
2061  0.146887
2062  0.147474
2063  0.147914
2064  0.148488
2065  0.149203
2066  0.149514
2067  0.150138
2068  0.150787
2069  0.151183
2070  0.151793
2071  0.152474
2072  0.152790
2073  0.153408
2074  0.154017
2075  0.154461
2076  0.155028
2077  0.155672
2078  0.156041
2079  0.156620
2080  0.157141
2081  0.157460
2082  0.158119
2083  0.158670
2084  0.158969
2085  0.159503
2086  0.160092
2087  0.160631
2088  0.160982
2089  0.161530
2090  0.162057
2091  0.162415
2092  0.162849
2093  0.163480
2094  0.163945
2095  0.164264
2096  0.164685
2097  0.165228
2098  0.165595
2099  0.166069
2100  0.166546
2101  0.167054
2102  0.167372
2103  0.167929
2104  0.168411
2105  0.168944
2106  0.169223
2107  0.169690
2108  0.170132
2109  0.170578
2110  0.170885
2111  0.171329
2112  0.171723
2113  0.172219
2114  0.172470
2115  0.172842
2116  0.173291
2117  0.173749
2118  0.174035
2119  0.174467
2120  0.174930
2121  0.175472
2122  0.175850
2123  0.176142
2124  0.176578
2125  0.176965
2126  0.177376
2127  0.177646
2128  0.177981
2129  0.178373
2130  0.178765
2131  0.179154
2132  0.179347
2133  0.179737
2134  0.179992
2135  0.180278
2136  0.180640
2137  0.180801
2138  0.181053
2139  0.181279
2140  0.181502
2141  0.181845
2142  0.182100
2143  0.182261
2144  0.182490
2145  0.182805
2146  0.183117
2147  0.183376
2148  0.183534
2149  0.183729
2150  0.184072
2151  0.184383
2152  0.184611
2153  0.184895
2154  0.185059
2155  0.185307
2156  0.185681
2157  0.185822
2158  0.186048
2159  0.186302
2160  0.186561
2161  0.186661
2162  0.186946
2163  0.187174
2164  0.187457
2165  0.187651
2166  0.187906
2167  0.188193
2168  0.188442
2169  0.188605
2170  0.188860
2171  0.189116
2172  0.189342
2173  0.189630
2174  0.189948
2175  0.190143
2176  0.190464
2177  0.190752
2178  0.191070
2179  0.191462
2180  0.191818
2181  0.192108
2182  0.192468
2183  0.192792
2184  0.193117
2185  0.193512
2186  0.193810
2187  0.194109
2188  0.194500
2189  0.194770
2190  0.195033
2191  0.195366
2192  0.195661
2193  0.195949
2194  0.196072
2195  0.196237
2196  0.196472
2197  0.196773
2198  0.196973
2199  0.197077
2200  0.197314
2201  0.197545
2202  0.197741
2203  0.197937
2204  0.198063
2205  0.198264
2206  0.198387
2207  0.198581
2208  0.198849
2209  0.199014
2210  0.199250
2211  0.199485
2212  0.199615
2213  0.199774
2214  0.199839
2215  0.199966
2216  0.199958
2217  0.200015
2218  0.199976
2219  0.200006
2220  0.200107
2221  0.200104
2222  0.200107
2223  0.199961
2224  0.199885
2225  0.199781
2226  0.199535
2227  0.199289
2228  0.199047
2229  0.198703
2230  0.198293
2231  0.197992
2232  0.197557
2233  0.197049
2234  0.196654
2235  0.196095
2236  0.195502
2237  0.194841
2238  0.194251
2239  0.193540
2240  0.192766
2241  0.191999
2242  0.191209
2243  0.190326
2244  0.189456
2245  0.188593
2246  0.187646
2247  0.186771
2248  0.185872
2249  0.184955
2250  0.184101
2251  0.183253
2252  0.182416
2253  0.181348
2254  0.180501
2255  0.179519
2256  0.178677
2257  0.177822
2258  0.177049
2259  0.176179
2260  0.175367
2261  0.174461
2262  0.173747
2263  0.172938
2264  0.172125
2265  0.171352
2266  0.170634
2267  0.169896
2268  0.169135
2269  0.168386
2270  0.167667
2271  0.167075
2272  0.166505
2273  0.165893
2274  0.165152
2275  0.164641
2276  0.163992
2277  0.163468
2278  0.162961
2279  0.162436
2280  0.162008
2281  0.161467
2282  0.160840
2283  0.160370
2284  0.159725
2285  0.159129
2286  0.158557
2287  0.157820
2288  0.157209
2289  0.156566
2290  0.155879
2291  0.155407
2292  0.154768
2293  0.154304
2294  0.153737
2295  0.153256
2296  0.152697
2297  0.152214
2298  0.151482
2299  0.151063
2300  0.150535
2301  0.150062
2302  0.149487
2303  0.149112
2304  0.148676
2305  0.148386
2306  0.147682
2307  0.147412
2308  0.147153
2309  0.146858
2310  0.146583
2311  0.146441
2312  0.146177
2313  0.146056
2314  0.145550
2315  0.145524
2316  0.145265
2317  0.145085
2318  0.144881
2319  0.144773
2320  0.144498
2321  0.144287
2322  0.143746
2323  0.143575
2324  0.143267
2325  0.142938
2326  0.142685
2327  0.142456
2328  0.141738
2329  0.141462
2330  0.141073
2331  0.140708
2332  0.140291
2333  0.139862
2334  0.139424
2335  0.138728
2336  0.138340
2337  0.137953
2338  0.137530
2339  0.137154
2340  0.136374
2341  0.136081
2342  0.135622
2343  0.135291
2344  0.134917
2345  0.134606
2346  0.134005
2347  0.133734
2348  0.133443
2349  0.133233
2350  0.132936
2351  0.132349
2352  0.132223
2353  0.131998
2354  0.131619
2355  0.131393
2356  0.131217
2357  0.130623
2358  0.130446
2359  0.130323
2360  0.130008
2361  0.129789
2362  0.129124
2363  0.128964
2364  0.128771
2365  0.128568
2366  0.127963
2367  0.127699
2368  0.127351
2369  0.127001
2370  0.126761
2371  0.126114
2372  0.125819
2373  0.125495
2374  0.125303
2375  0.124577
2376  0.124458
2377  0.124091
2378  0.123701
2379  0.123527
2380  0.122828
2381  0.122525
2382  0.122115
2383  0.121853
2384  0.121180
2385  0.120823
2386  0.120515
2387  0.120238
2388  0.119546
2389  0.119167
2390  0.118802
2391  0.118444
2392  0.117731
2393  0.117354
2394  0.116981
2395  0.116669
2396  0.116006
2397  0.115691
2398  0.115320
2399  0.115020
2400  0.114288
2401  0.113966
2402  0.113523
2403  0.113233
2404  0.112387
2405  0.112028
2406  0.111632
2407  0.110917
2408  0.110515
2409  0.110148
2410  0.109812
2411  0.109150
2412  0.108650
2413  0.108187
2414  0.107404
2415  0.106996
2416  0.106511
2417  0.106053
2418  0.105284
2419  0.104825
2420  0.104327
2421  0.103519
2422  0.103026
2423  0.102551
2424  0.102117
2425  0.101231
2426  0.100802
2427  0.100317
2428  0.099517
2429  0.099042
2430  0.098478
2431  0.097712
2432  0.097214
2433  0.096706
2434  0.096278
2435  0.095400
2436  0.094928
2437  0.094428
2438  0.093645
2439  0.093145
2440  0.092691
2441  0.091850
2442  0.091426
2443  0.090931
2444  0.090022
2445  0.089452
2446  0.088958
2447  0.088140
2448  0.087610
2449  0.087125
2450  0.086314
2451  0.085799
2452  0.085336
2453  0.084429
2454  0.083971
2455  0.083528
2456  0.082674
2457  0.082256
2458  0.081796
2459  0.081016
2460  0.080590
2461  0.080121
2462  0.079362
2463  0.079022
2464  0.078649
2465  0.077980
2466  0.077530
2467  0.076817
2468  0.076351
2469  0.076051
2470  0.075354
2471  0.075064
2472  0.074730
2473  0.074012
2474  0.073670
2475  0.073385
2476  0.072841
2477  0.072584
2478  0.072079
2479  0.071733
2480  0.071436
2481  0.070996
2482  0.070772
2483  0.070659
2484  0.070186
2485  0.069812
2486  0.069006
2487  0.068924
2488  0.068655
2489  0.067974
2490  0.067845
2491  0.067566
2492  0.067202
2493  0.067009
2494  0.066742
2495  0.066633
2496  0.066602
2497  0.066258
2498  0.066258
2499  0.065864
2500  0.065952
